-1.61602540378	0.460751258191	-4.4408920985e-16
-2.49357713389	1.02629436797	-6.66133814775e-16
-3.37493259869	0.659276681677	1.11022302463e-16
-4.25803520728	1.06452057522	1.81021864165e-12
-5.14209063276	0.774486668386	6.38822328369e-13
-6.02672466158	1.09969470005	1.10143782983e-10
-6.91173713675	0.854517062078	2.01104688458e-11
-7.79701104129	1.13069874811	9.32106392071e-10
-8.68247325934	0.915487287756	1.76968772969e-10
-9.56807573641	1.15807500628	3.76844622174e-09
-10.4537854865	0.96458393809	7.64914243057e-10
-11.3395792262	1.18246963341	9.28487542406e-09
-12.2254398492	1.00560132247	2.52784948529e-09
-13.1113548062	1.20442856224	1.79000121392e-08
-13.9973142364	1.04077720242	5.82158099505e-09
-14.8833108817	1.22436813634	3.0593282685e-08
-15.7693385285	1.07152831	1.10328505221e-08
-16.65539283	1.24260755556	4.7559674976e-08
-17.5414695213	1.09880830927	1.84317432428e-08
-18.4275660144	1.25939509447	6.88741919053e-08
-19.313679113	1.12328859086	2.81474394903e-08
-20.1998073881	1.27492658497	9.44455528229e-08
-21.0859482202	1.14545906166	4.0194267914e-08
-21.9721010097	1.2893586837	1.24056772188e-07
-22.8582634207	1.16568785387	5.45000692354e-08
-23.7444354941	1.30281845083	1.57405105949e-07
-24.6306149945	1.18425847844	7.09315830516e-08
-25.5168024906	1.31541031378	1.94134503695e-07
-26.4029957272	1.20139390481	8.93153355719e-08
-27.2891957328	1.32722117737	2.33860630972e-07
-28.1754001508	1.2172727086	1.0945400053e-07
-29.0616104265	1.3383242155	2.76189466963e-07
-29.9478240453	1.23204021702	1.31138642945e-07
-30.8340428413	1.34878171784	3.20730784042e-07
-31.7202641019	1.24581639408	1.54157776544e-07
-32.6064900315	1.35864725177	3.67107474419e-07
-33.4927176907	1.25870153972	1.78303725784e-07
-34.3789496408	1.36796732244	4.14961897399e-07
-35.2651826954	1.27078048679	2.03377030217e-07
-36.1514197629	1.37678266083	4.63959786146e-07
-37.0376573951	1.28212574304	2.29189367484e-07
-37.9238988397	1.38512923274	5.13792487999e-07
-38.8101403769	1.29279987802	2.55565320462e-07
-39.6963855864	1.39303903642	5.64177914275e-07
-40.5826304707	1.30285736037	2.82343318503e-07
-41.4688789348	1.40054073821	6.14860602766e-07
-42.3551266999	1.31234598883	3.09375983387e-07
-43.2413779904	1.40766018342	6.65611097794e-07
-44.1276282445	1.32130801878	3.36530085576e-07
-45.0138819993	1.41442080963	7.16224953345e-07
-45.9001344108	1.32978105801	3.63686130211e-07
-46.7863903224	1.42084398368	7.66521406015e-07
-47.6726446093	1.33779878539	3.90737807887e-07
-48.5589024149	1.42694927827	8.16341876209e-07
-49.4451583364	1.34539153235	4.17591255353e-07
-50.3314178102	1.43275470035	8.65548430373e-07
-51.2176751598	1.35258675712	4.44164261149e-07
-52.1039361072	1.43827688109	9.14022135423e-07
-52.9901947067	1.35940943442	4.70385462803e-07
-53.8764569591	1.44353123483	9.61661484444e-07
-54.7627166548	1.3658823778	4.9619346687e-07
-55.6489800658	1.44853209285	1.00838087158e-06
-56.5352407241	1.37202650835	5.21536041687e-07
-57.4215051659	1.45329281673	1.05410906703e-06
-58.3077666709	1.37786107984	5.46369281151e-07
-59.1940320318	1.45782589498	1.09878784771e-06
-60.0802942823	1.3834038688	5.70656845e-07
-60.966560464	1.46214302586	1.14237066118e-06
-61.8528233716	1.38867133586	5.9436922728e-07
-62.739090288	1.46625518894	1.18482139988e-06
-63.6253537752	1.39367876342	6.1748303537e-07
-64.5116213502	1.47017270711	1.22611325759e-06
-65.397885349	1.39844037402	6.39980375028e-07
-66.2841535152	1.47390530077	1.26622769225e-06
-67.170417966	1.40296943246	6.61848220229e-07
-68.0566866638	1.47746213547	1.3051534502e-06
-68.9429515139	1.40727833447	6.83077901464e-07
-69.8292206903	1.48085186398	1.3428856892e-06
-70.7154858934	1.41137868416	7.03664542745e-07
-71.6017555014	1.48408266359	1.37942518463e-06
-72.4880210164	1.41528136189	7.23606650377e-07
-73.374291014	1.48716226956	1.41477759763e-06
-74.2605568048	1.41899658418	7.42905650664e-07
-75.1468271546	1.49009800505	1.44895281595e-06
-76.0330931891	1.42253395668	7.61565519647e-07
-76.9193638576	1.49289680819	1.48196436589e-06
-77.8056301075	1.42590252143	7.79592441935e-07
-78.6919010647	1.49556525657	1.5138288727e-06
-79.5781675047	1.42911079899	7.96994482632e-07
-80.4644387239	1.49810958961	1.54456559454e-06
-81.3507053317	1.43216682632	8.13781308562e-07
-82.2369767886	1.50053572894	1.57419598046e-06
-83.1232435446	1.43507819089	8.29963943016e-07
-84.0095152175	1.50284929715	1.60274328453e-06
-84.895782104	1.43785206154	8.45554519513e-07
-85.7820539735	1.50505563506	1.63023225352e-06
-86.6683209748	1.44049521652	8.60566111149e-07
-87.5545930233	1.5071598177	1.65668879593e-06
-88.4408601255	1.44301406898	8.75012516e-07
-89.3271323372	1.50916666905	1.68213974006e-06
-90.213399528	1.44541469032	8.88908117114e-07
-91.0996718885	1.51108077582	1.70661256416e-06
-91.9859391571	1.44770283159	9.02267735969e-07
-92.8722116533	1.51290650025	1.73013521465e-06
-93.7584789899	1.44988394309	9.15106511012e-07
-94.6447516103	1.51464799207	1.75273593073e-06
-95.5310190061	1.45196319253	9.27439785525e-07
-96.4172917401	1.51630919968	1.77444306604e-06
-97.3035591874	1.45394548174	9.39283017254e-07
-98.1898320253	1.51789388068	1.79528496003e-06
-99.0760995174	1.45583546218	9.50651685816e-07
-99.9623724506	1.51940561167	1.81528981147e-06
-100.848639981	1.45763754931	9.6156123075e-07
-101.734913002	1.52084779755	1.83448559588e-06
-102.621180566	1.45935593594	9.72026986457e-07
-103.507453666	1.5222236802	1.8528999377e-06
-104.393721259	1.46099460469	9.82064128574e-07
-105.279994433	1.52353634675	1.87056009215e-06
-106.166262049	1.4625573396	9.91687618579e-07
-107.052535291	1.52478873728	1.88749283103e-06
-107.938802928	1.464047737	1.00091219435e-06
-108.825076232	1.5259836522	1.90372442122e-06
-109.711343886	1.46546921559	1.00975229822e-06
-110.597617248	1.52712375911	1.91928055193e-06
-111.483884916	1.46682502604	1.01822209164e-06
-112.37015833	1.52821159938	1.93418635563e-06
-113.25642601	1.46811825984	1.02633540189e-06
-114.142699473	1.52924959438	1.94846630941e-06
-115.028967162	1.46935185772	1.03410572838e-06
-115.915240669	1.53024005129	1.96214426296e-06
-116.801508366	1.47052861749	1.04154620684e-06
-117.687781915	1.53118516866	1.97524340906e-06
-118.574049617	1.47165120145	1.04866961825e-06
-119.460323204	1.53208704177	1.98778627114e-06
-120.34659091	1.47272214339	1.05548838625e-06
-121.232864532	1.53294766751	1.99979470361e-06
-122.119132241	1.47374385512	1.06201454475e-06
-123.005405896	1.53376894921	2.01128987698e-06
-123.891673606	1.47471863271	1.06825976676e-06
-124.777947291	1.53455270112	2.02229229695e-06
-125.664215002	1.47564866233	1.07423534546e-06
-126.550488715	1.53530065268	2.03282178157e-06
-127.436756425	1.47653602574	1.0799522091e-06
-128.323030165	1.53601445255	2.04289750161e-06
-129.209297874	1.47738270556	1.0854209016e-06
-130.095571637	1.53669567255	2.05253796104e-06
-130.981839344	1.4781905902	1.09065162535e-06
-131.86811313	1.53734581123	2.06176101447e-06
-132.754380834	1.47896147849	1.09565419693e-06
-133.640654642	1.53796629742	2.07058388624e-06
-134.526922343	1.47969708414	1.10043811163e-06
-135.413196169	1.53855849352	2.07902317606e-06
-136.299463867	1.48039903989	1.10501248818e-06
-137.185737712	1.53912369862	2.08709485794e-06
-138.072005406	1.48106890153	1.10938612707e-06
-138.958279267	1.53966315156	2.09481434355e-06
-139.844546957	1.4817081516	1.11356749088e-06
-140.730820834	1.54017803371	2.10219642838e-06
-141.61708852	1.48231820299	1.11756472543e-06
-142.503362412	1.54066947172	2.10925536182e-06
-143.389630093	1.48290040227	1.12138564856e-06
-144.275903999	1.54113854008	2.11600483802e-06
-145.162171676	1.48345603296	1.12503779215e-06
-146.048445594	1.54158626357	2.12245802023e-06
-146.934713266	1.48398631853	1.12852837919e-06
-147.820987196	1.54201361963	2.12862755422e-06
-148.707254864	1.48449242526	1.13186434925e-06
-149.593528805	1.54242154052	2.13452556941e-06
-150.479796468	1.48497546507	1.13505236865e-06
-151.36607042	1.54281091549	2.14016372624e-06
-152.252338078	1.48543649801	1.13809883606e-06
-153.138612039	1.54318259276	2.14555321498e-06
-154.024879693	1.48587653481	1.14100987958e-06
-154.911153663	1.54353738146	2.15070476683e-06
-155.797421312	1.48629653921	1.14379138616e-06
-156.683695291	1.54387605341	2.15562866512e-06
-157.569962936	1.4866974302	1.14644899651e-06
-158.456236923	1.54419934495	2.16033479994e-06
-159.342504562	1.4870800841	1.14898811754e-06
-160.228778557	1.54450795848	2.16483261428e-06
-161.115046192	1.48744533663	1.15141393808e-06
-162.001320194	1.54480256412	2.16913118434e-06
-162.887587825	1.4877939848	1.15373141363e-06
-163.773861833	1.54508380118	2.17323921026e-06
-164.660129459	1.48812678875	1.15594531991e-06
-165.546403474	1.54535227961	2.1771650075e-06
-166.432671096	1.48844447347	1.15806019219e-06
-167.318945117	1.54560858133	2.18091655635e-06
-168.205212735	1.48874773047	1.16008040996e-06
-169.091486761	1.54585326156	2.18450149503e-06
-169.977754375	1.48903721933	1.16201014633e-06
-170.864028407	1.54608685004	2.18792713991e-06
-171.750296016	1.48931356921	1.16385339743e-06
-172.636570053	1.54630985223	2.19120049982e-06
-173.522837659	1.48957738029	1.16561399455e-06
-174.4091117	1.54652275039	2.19432827309e-06
-175.295379302	1.48982922508	1.16729560706e-06
-176.181653348	1.54672600472	2.19731687534e-06
-177.067920946	1.49006964974	1.16890172452e-06
-177.954194996	1.5469200543	2.20017245545e-06
-178.840462591	1.49029917532	1.1704357229e-06
-179.726736645	1.54710531815	2.20290088249e-06
-180.613004236	1.49051829893	1.17190079263e-06
-181.499278294	1.54728219607	2.2055077834e-06
-182.385545882	1.49072749479	1.17330001193e-06
-183.271819943	1.54745106959	2.20799854322e-06
-184.158087528	1.49092721538	1.17463631089e-06
-185.044361592	1.54761230279	2.21037829118e-06
-185.930629174	1.4911178924	1.17591250326e-06
-186.816903242	1.5477662431	2.21265196165e-06
-187.70317082	1.49129993776	1.17713126246e-06
-188.589444891	1.54791322205	2.21482426632e-06
-189.475712467	1.49147374446	1.17829516766e-06
-190.36198654	1.54805355606	2.21689969337e-06
-191.248254113	1.4916396875	1.17940666278e-06
-192.134528189	1.54818754707	2.21888255847e-06
-193.02079576	1.49179812471	1.18046810227e-06
-193.907069838	1.54831548323	2.22077697087e-06
-194.793337406	1.49194939751	1.18148172201e-06
-195.679611487	1.54843763955	2.2225868711e-06
-196.565879052	1.49209383173	1.18244967262e-06
-197.452153136	1.54855427847	2.22431601882e-06
-198.338420699	1.49223173826	1.18337399635e-06
-199.224694784	1.54866565048	2.22596801258e-06
-200.110962345	1.49236341377	1.18425664664e-06
-200.997236432	1.54877199461	2.22754628743e-06
-201.883503991	1.4924891414	1.18509950697e-06
-202.76977808	1.54887353903	2.22905413172e-06
-203.656045636	1.49260919132	1.18590435827e-06
-204.542319728	1.54897050147	2.23049469106e-06
-205.428587282	1.49272382136	1.18667291182e-06
-206.314861375	1.54906308976	2.23187095649e-06
-207.201128927	1.49283327759	1.18740679134e-06
-208.087403022	1.54915150224	2.23318580461e-06
-208.973670572	1.49293779484	1.18810757177e-06
-209.859944668	1.54923592823	2.23444197944e-06
-210.746212217	1.49303759721	1.18877673427e-06
-211.632486315	1.54931654843	2.23564209789e-06
-212.518753861	1.4931328986	1.18941570348e-06
-213.405027961	1.54939353528	2.23678866129e-06
-214.291295506	1.49322390312	1.19002583421e-06
-215.177569606	1.54946705342	2.23788406684e-06
-216.06383715	1.49331080562	1.19060843939e-06
-216.950111252	1.54953725994	2.23893060414e-06
-217.836378794	1.49339379201	1.19116474628e-06
-218.722652897	1.54960430482	2.23993044401e-06
-219.608920437	1.49347303977	1.19169595325e-06
-220.495194542	1.54966833121	2.24088568701e-06
-221.381462081	1.49354871829	1.19220317862e-06
