-0.404006350946
-0.415596188981
-0.421866574836
-0.425803520728
-0.428507552737
-0.43048033299
-0.431983571598
-0.433167281585
-0.43412366672
-0.434912539817
-0.435574406684
-0.436137678952
-0.436622876735
-0.437045191952
-0.437416113067
-0.437744489263
-0.43803724749
-0.438299887708
-0.438536832482
-0.438751678562
-0.438947381103
-0.439126390658
-0.439290756505
-0.439442205568
-0.439582203426
-0.439712001955
-0.439832676921
-0.439945157901
-0.440050252307
-0.440148664821
-0.440241013229
-0.44032784142
-0.440409630118
-0.440486805789
-0.440559748093
-0.440628796131
-0.440694253724
-0.440756393881
-0.440815462616
-0.440871682197
-0.440925253951
-0.440976360665
-0.441025168685
-0.441071829708
-0.441116482378
-0.441159253643
-0.441200259979
-0.441239608432
-0.441277397571
-0.441313718292
-0.441348654572
-0.441382284089
-0.441414678833
-0.441445905583
-0.441476026405
-0.441505099025
-0.44153317724
-0.441560311206
-0.441586547783
-0.441611930757
-0.441636501137
-0.441660297319
-0.441683355345
-0.441705709024
-0.441727390164
-0.44174842865
-0.44176885266
-0.44178868871
-0.44180796185
-0.441826695689
-0.441844912572
-0.441862633586
-0.441879878729
-0.441896666894
-0.441913016033
-0.44192894312
-0.441944464317
-0.44195959492
-0.441974349516
-0.441988741922
-0.442002785343
-0.442016492291
-0.442029874746
-0.442042944065
-0.442055711145
-0.442068186316
-0.442080379513
-0.442092300154
-0.442103957311
-0.44211535959
-0.442126515297
-0.442137432306
-0.442148118237
-0.442158580309
-0.442168825526
-0.442178860518
-0.442188691734
-0.442198325273
-0.442207767085
-0.442217022787
-0.442226097882
-0.44223499755
-0.442243726885
-0.442252290675
-0.44226069364
-0.442268940213
-0.442277034777
-0.442284981437
-0.44229278427
-0.442300447086
-0.442307973681
-0.442315367593
-0.442322632364
-0.442329771282
-0.442336787656
-0.442343684547
-0.44235046505
-0.442357132017
-0.442363688346
-0.442370136697
-0.442376479787
-0.442382720102
-0.44238886019
-0.442394902375
-0.442400849053
-0.442406702396
-0.442412464661
-0.442418137878
-0.442423724176
-0.442429225456
-0.442434643726
-0.442439980768
-0.442445238478
-0.442450418528
-0.442455522711
-0.442460552595
-0.442465509878
-0.442470396032
-0.442475212667
-0.442479961165
-0.442484643053
-0.44248925963
-0.442493812347
-0.442498302427
-0.442502731245
-0.442507099954
-0.442511409864
-0.442515662058
-0.442519857785
-0.442523998063
-0.442528084084
-0.442532116807
-0.442536097369
-0.442540026674
-0.442543905808
-0.442547735623
-0.442551517156
-0.44255525121
-0.44255893878
-0.442562580622
-0.442566177688
-0.442569730691
-0.442573240543
-0.442576707918
-0.442580133692
-0.442583518497
-0.442586863176
-0.442590168326
-0.442593434756
-0.442596663029
-0.442599853924
-0.442603007972
-0.442606125922
-0.442609208275
-0.442612255753
-0.442615268827
-0.442618248196
-0.442621194301
-0.442624107817
-0.442626989161
-0.442629838985
-0.44263265768
-0.442635445876
-0.442638203942
-0.442640932489
-0.442643631863
-0.442646302654
-0.442648945187
-0.442651560036
-0.442654147506
-0.442656708153
-0.442659242263
-0.442661750376
-0.442664232758
-0.442666689936
-0.44266912216
-0.442671529939
-0.442673913508
-0.442676273363
-0.442678609723
-0.442680923071
-0.442683213609
-0.442685481811
-0.442687727863
-0.442689952227
-0.442692155077
-0.442694336862
-0.442696497743
-0.44269863816
-0.442700758261
-0.442702858475
-0.442704938938
-0.442707000071
-0.442709041998
-0.442711065131
-0.442713069582
-0.442715055756
-0.442717023754
-0.442718973972
-0.442720906502
-0.442722821732
-0.442724719744
-0.442726600918
-0.442728465329
-0.442730313348
-0.442732145041
-0.442733960774
-0.442735760604
-0.442737544889
-0.442739313679
-0.442741067326
-0.442742805872
-0.442744529664
-0.442746238735
-0.442747933428
-0.442749613767
-0.44275128009
-0.442752932416
-0.442754571077
-0.442756196084
-0.442757807765
-0.442759406125
-0.442760991487
-0.44276256385
-0.442764123532
-0.442765670527
-0.442767205148
-0.442768727383
-0.44275051213
