    0     -4.5154463545      0.0000000000      0.0000000000
    1     -4.0922073467      1.0000000000     -0.5000000000
    2     -4.0922073467      1.0000000000      0.0000000000
    3     -4.0922073467      1.0000000000      0.5000000000
    4     -3.7705974354      0.0000000000      0.0000000000
    5     -3.5432793743      1.0000000000      0.5000000000
    6     -3.5432793743      1.0000000000     -0.0000134234
    7     -3.5432793743      1.0000000000     -0.4996856077
    8     -3.5432793743      1.0000000000      0.4999928688
    9     -3.5432793743      1.0000000000     -0.0803015901
   10     -3.5432793743      1.0000000000     -0.4199922476
   11     -3.2461649167      1.0000000000      0.4940051391
   12     -3.2461649167      1.0000000000      0.0059930329
   13     -3.2461649167      1.0000000000     -0.4968047053
   14     -3.2461649167      1.0000000000      0.5000000000
   15     -3.2461649167      1.0000000000     -0.0034243734
   16     -3.2461649167      1.0000000000     -0.4997690934
   17     -2.9759318691      2.0000000000     -0.5217726485
   18     -2.9759318691      2.0000000000      0.0110708039
   19     -2.9759318691      2.0000000000      0.4888687347
   20     -2.9759318691      2.0000000000      1.0000000000
   21     -2.9759318691      2.0000000000     -0.9781668901
   22     -2.8912361004      1.0000000000     -0.0598269392
   23     -2.8912361004      1.0000000000     -0.1901441005
   24     -2.8912361004      1.0000000000     -0.4408211347
   25     -2.8912361004      1.0000000000      0.4995040728
   26     -2.8912361004      1.0000000000     -0.3087109399
   27     -2.8912361004      1.0000000000      0.4999990415
   28     -2.8862869245      0.0000000000      0.0000000000
   29     -2.8862869245      0.0000000000     -0.0000000000
   30     -2.7804901004      1.0000000000     -0.0107988276
   31     -2.7804901004      1.0000000000     -0.4949675161
   32     -2.7804901004      1.0000000000      0.4974292189
   33     -2.7804901004      1.0000000000      0.4999907994
   34     -2.7804901004      1.0000000000     -0.3128789514
   35     -2.7804901004      1.0000000000     -0.1787747232
   36     -2.7676348848      0.0000000000     -0.0000000000
   37     -2.7676348848      0.0000000000      0.0000000000
   38     -2.5142994792      0.0000000000     -0.0000000000
   39     -2.5142994792      0.0000000000      0.0000000000
   40     -2.4876628580      2.0000000000      0.9527761027
   41     -2.4876628580      2.0000000000      0.0521640049
   42     -2.4876628580      2.0000000000     -0.6668818500
   43     -2.4876628580      2.0000000000     -0.3263435142
   44     -2.4876628580      2.0000000000      0.4042857990
   45     -2.4876628580      2.0000000000     -0.2537703029
   46     -2.4876628580      2.0000000000     -0.1723084881
   47     -2.4876628580      2.0000000000     -0.6512316810
   48     -2.4876628580      2.0000000000     -0.3386407566
   49     -2.4876628580      2.0000000000      0.9999506862
   50     -2.4388153205      1.0000000000     -0.0112222337
   51     -2.4388153205      1.0000000000     -0.4887777527
   52     -2.4388153205      1.0000000000      0.4999999864
   53     -2.3342431843      1.0000000000     -0.4759648471
   54     -2.3342431843      1.0000000000      0.4999874291
   55     -2.3342431843      1.0000000000     -0.0240225820
   56     -2.3203346271      2.0000000000      0.5570248400
   57     -2.3203346271      2.0000000000     -0.9056842613
   58     -2.3203346271      2.0000000000      0.9999708555
   59     -2.3203346271      2.0000000000     -0.5482488718
   60     -2.3203346271      2.0000000000     -0.1016995238
   61     -2.3203346271      2.0000000000     -0.0833928150
   62     -2.3203346271      2.0000000000      0.4959490074
   63     -2.3203346271      2.0000000000     -0.3935033374
   64     -2.3203346271      2.0000000000      0.2803350057
   65     -2.3203346271      2.0000000000     -0.3007508992
   66     -2.1278039615      2.0000000000     -0.8314821306
   67     -2.1278039615      2.0000000000     -0.0124003498
   68     -2.1278039615      2.0000000000      0.4583058323
   69     -2.1278039615      2.0000000000      0.6210354568
   70     -2.1278039615      2.0000000000     -0.3713356676
   71     -2.1278039615      2.0000000000      0.3765654040
   72     -2.1278039615      2.0000000000      0.9949860004
   73     -2.1278039615      2.0000000000      0.3580132743
   74     -2.1278039615      2.0000000000     -0.9430390628
   75     -2.1278039615      2.0000000000     -0.6506487571
   76     -2.0962129349      0.0000000000      0.0000000000
   77     -2.0289134820      1.0000000000      0.4999996968
   78     -2.0289134820      1.0000000000     -0.2517987321
   79     -2.0289134820      1.0000000000     -0.3357000590
   80     -2.0289134820      1.0000000000      0.3215475873
   81     -2.0289134820      1.0000000000     -0.2058946455
   82     -2.0289134820      1.0000000000     -0.0281538474
   83     -2.0191204441      0.0000000000     -0.0000000000
   84     -1.9608513566      1.0000000000     -0.3202488711
   85     -1.9608513566      1.0000000000      0.1240509242
   86     -1.9608513566      1.0000000000      0.2719117127
   87     -1.9608513566      1.0000000000     -0.1742231671
   88     -1.9608513566      1.0000000000     -0.4013089211
   89     -1.9608513566      1.0000000000      0.4998183223
   90     -1.9469864510      1.0000000000     -0.1387874155
   91     -1.9469864510      1.0000000000      0.1566263517
   92     -1.9469864510      1.0000000000     -0.3590983609
   93     -1.9469864510      1.0000000000      0.0057225869
   94     -1.9469864510      1.0000000000     -0.1637137239
   95     -1.9469864510      1.0000000000      0.4992505617
   96     -1.9298525455      1.0000000000     -0.1789496611
   97     -1.9298525455      1.0000000000     -0.4264947395
   98     -1.9298525455      1.0000000000      0.4682343553
   99     -1.9298525455      1.0000000000      0.4992583788
  100     -1.9298525455      1.0000000000     -0.0420860400
  101     -1.9298525455      1.0000000000     -0.3199622936
  102     -1.7728364859      2.0000000000     -0.2029345770
  103     -1.7728364859      2.0000000000     -0.4660486845
  104     -1.7728364859      2.0000000000      0.9873267377
  105     -1.7728364859      2.0000000000      0.5101000638
  106     -1.7728364859      2.0000000000     -0.3020066804
  107     -1.7728364859      2.0000000000      0.2498561590
  108     -1.7728364859      2.0000000000      0.0912814411
  109     -1.7728364859      2.0000000000     -0.7606514871
  110     -1.7728364859      2.0000000000      0.0209502950
  111     -1.7728364859      2.0000000000     -0.1278732677
  112     -1.7386171457      1.0000000000     -0.0184533841
  113     -1.7386171457      1.0000000000      0.0536871427
  114     -1.7386171457      1.0000000000     -0.3097969819
  115     -1.7386171457      1.0000000000      0.2169975899
  116     -1.7386171457      1.0000000000      0.4999939467
  117     -1.7386171457      1.0000000000     -0.4424283134
  118     -1.7176532678      1.0000000000     -0.2158085243
  119     -1.7176532678      1.0000000000     -0.0515560787
  120     -1.7176532678      1.0000000000      0.4999723769
  121     -1.7176532678      1.0000000000      0.0020693179
  122     -1.7176532678      1.0000000000     -0.2902142371
  123     -1.7176532678      1.0000000000      0.0555371453
  124     -1.6769257526      0.0000000000      0.0000000000
  125     -1.6769257526      0.0000000000     -0.0000000000
  126     -1.6564436432      2.0000000000      0.5162327616
  127     -1.6564436432      2.0000000000     -0.8527028090
  128     -1.6564436432      2.0000000000      0.7478006439
  129     -1.6564436432      2.0000000000      0.2252021526
  130     -1.6564436432      2.0000000000     -0.6365327490
  131     -1.6520746871      1.0000000000      0.4998962821
  132     -1.6520746871      1.0000000000     -0.3670965347
  133     -1.6520746871      1.0000000000     -0.2249282449
  134     -1.6520746871      1.0000000000      0.3880107952
  135     -1.6520746871      1.0000000000      0.0960942760
  136     -1.6520746871      1.0000000000     -0.3919765737
  137     -1.5480787953      2.0000000000     -0.5676640928
  138     -1.5480787953      2.0000000000     -0.0530034899
  139     -1.5480787953      2.0000000000      0.0664275662
  140     -1.5480787953      2.0000000000     -0.2262818375
  141     -1.5480787953      2.0000000000     -0.2471030842
  142     -1.5480787953      2.0000000000      0.4574926446
  143     -1.5480787953      2.0000000000      0.0851441823
  144     -1.5480787953      2.0000000000      0.9965303856
  145     -1.5480787953      2.0000000000     -0.5799118249
  146     -1.5480787953      2.0000000000      0.0683695505
  147     -1.5418112262      0.0000000000     -0.0000000000
  148     -1.5418112262      0.0000000000      0.0000000000
  149     -1.5385327634      0.0000000000     -0.0000000000
  150     -1.5385327634      0.0000000000      0.0000000000
  151     -1.4521537577      1.0000000000     -0.2109932874
  152     -1.4521537577      1.0000000000     -0.2889950238
  153     -1.4521537577      1.0000000000      0.4999883112
  154     -1.4314763694      2.0000000000     -0.1827121146
  155     -1.4314763694      2.0000000000     -0.1702939427
  156     -1.4314763694      2.0000000000      0.2878629822
  157     -1.4314763694      2.0000000000     -0.0339042300
  158     -1.4314763694      2.0000000000     -0.4954124336
  159     -1.4314763694      2.0000000000     -0.4035057128
  160     -1.4314763694      2.0000000000      0.0395429828
  161     -1.4314763694      2.0000000000     -0.3192680478
  162     -1.4314763694      2.0000000000      0.9958342611
  163     -1.4314763694      2.0000000000      0.2818562553
  164     -1.3962012163      2.0000000000      0.9827346152
  165     -1.3962012163      2.0000000000     -0.7424049085
  166     -1.3962012163      2.0000000000     -0.4762525286
  167     -1.3962012163      2.0000000000     -0.1768882847
  168     -1.3962012163      2.0000000000      0.0563088594
  169     -1.3962012163      2.0000000000     -0.0932570371
  170     -1.3962012163      2.0000000000     -0.6220455694
  171     -1.3962012163      2.0000000000      0.1120060011
  172     -1.3962012163      2.0000000000      0.8093363966
  173     -1.3962012163      2.0000000000      0.1504624561
  174     -1.3793852416      3.0000000000      0.1054948209
  175     -1.3793852416      3.0000000000     -0.3841228920
  176     -1.3793852416      3.0000000000      1.4999543954
  177     -1.3793852416      3.0000000000      0.8878940762
  178     -1.3793852416      3.0000000000     -0.5359026503
  179     -1.3793852416      3.0000000000     -0.1007616488
  180     -1.3793852416      3.0000000000     -1.4725561015
  181     -1.3090169944      1.0000000000     -0.0066168923
  182     -1.3090169944      1.0000000000     -0.3033851727
  183     -1.3090169944      1.0000000000      0.0027182494
  184     -1.3090169944      1.0000000000     -0.4189655291
  185     -1.3090169944      1.0000000000      0.2264139278
  186     -1.3090169944      1.0000000000      0.4998354168
  187     -1.2644589786      2.0000000000      0.3522396185
  188     -1.2644589786      2.0000000000      0.0503103167
  189     -1.2644589786      2.0000000000     -0.2872739647
  190     -1.2644589786      2.0000000000     -0.4164366413
  191     -1.2644589786      2.0000000000     -0.6280447973
  192     -1.2644589786      2.0000000000     -0.1420358866
  193     -1.2644589786      2.0000000000      0.9420640294
  194     -1.2644589786      2.0000000000     -0.5320237824
  195     -1.2644589786      2.0000000000     -0.3381540343
  196     -1.2644589786      2.0000000000      0.9993551419
  197     -1.2415273887      2.0000000000     -0.2659563434
  198     -1.2415273887      2.0000000000      0.0991637463
  199     -1.2415273887      2.0000000000     -0.3671351038
  200     -1.2415273887      2.0000000000     -0.0596851636
  201     -1.2415273887      2.0000000000     -0.1107758776
  202     -1.2415273887      2.0000000000      0.5650541871
  203     -1.2415273887      2.0000000000     -0.3538738097
  204     -1.2415273887      2.0000000000      0.9989970167
  205     -1.2415273887      2.0000000000     -0.2489372571
  206     -1.2415273887      2.0000000000     -0.2568513948
  207     -1.1566204310      1.0000000000     -0.4989140809
  208     -1.1566204310      1.0000000000      0.4999681692
  209     -1.1566204310      1.0000000000     -0.0010540883
  210     -1.1529378114      1.0000000000     -0.0454819313
  211     -1.1529378114      1.0000000000      0.4999825478
  212     -1.1529378114      1.0000000000     -0.2729417142
  213     -1.1529378114      1.0000000000      0.1121437666
  214     -1.1529378114      1.0000000000     -0.2618516807
  215     -1.1529378114      1.0000000000     -0.0318509882
  216     -1.1267413804      1.0000000000     -0.4595164100
  217     -1.1267413804      1.0000000000      0.2633154264
  218     -1.1267413804      1.0000000000      0.0214567747
  219     -1.1267413804      1.0000000000      0.4997907095
  220     -1.1267413804      1.0000000000     -0.0289104145
  221     -1.1267413804      1.0000000000     -0.2961360861
  222     -1.0656134458      0.0000000000      0.0000000000
  223     -1.0181242451      3.0000000000      0.0179535927
  224     -1.0181242451      3.0000000000     -0.3235541717
  225     -1.0181242451      3.0000000000      1.4999999102
  226     -1.0181242451      3.0000000000      0.0564870645
  227     -1.0181242451      3.0000000000     -1.1752649011
  228     -1.0181242451      3.0000000000     -0.3120721026
  229     -1.0181242451      3.0000000000     -0.5206069344
  230     -1.0181242451      3.0000000000     -0.8984814945
  231     -1.0181242451      3.0000000000     -0.1342216279
  232     -1.0181242451      3.0000000000      0.1056027048
  233     -1.0181242451      3.0000000000     -0.0990126367
  234     -1.0181242451      3.0000000000     -0.5083424580
  235     -1.0181242451      3.0000000000      0.7945505545
  236     -1.0181242451      3.0000000000      1.4969625002
  237     -0.9874194536      0.0000000000     -0.0000000000
  238     -0.9865875162      1.0000000000      0.2571427729
  239     -0.9865875162      1.0000000000     -0.3192444298
  240     -0.9865875162      1.0000000000      0.4999689471
  241     -0.9865875162      1.0000000000     -0.1979386888
  242     -0.9865875162      1.0000000000      0.0627088089
  243     -0.9865875162      1.0000000000     -0.3026374103
  244     -0.9546115685      3.0000000000      0.5511809345
  245     -0.9546115685      3.0000000000     -0.1080490227
  246     -0.9546115685      3.0000000000      0.2474895964
  247     -0.9546115685      3.0000000000     -0.6704111933
  248     -0.9546115685      3.0000000000      1.4999818753
  249     -0.9546115685      3.0000000000      0.7672658865
  250     -0.9546115685      3.0000000000     -0.5810741597
  251     -0.9546115685      3.0000000000      1.1620370062
  252     -0.9546115685      3.0000000000     -0.5185624026
  253     -0.9546115685      3.0000000000      0.5116129275
  254     -0.9546115685      3.0000000000     -0.5350482691
  255     -0.9546115685      3.0000000000     -0.8588281443
  256     -0.9546115685      3.0000000000     -0.8553997034
  257     -0.9546115685      3.0000000000     -0.6121953313
  258     -0.9054679713      1.0000000000      0.1121160558
  259     -0.9054679713      1.0000000000     -0.3647972969
  260     -0.9054679713      1.0000000000     -0.2263491884
  261     -0.9054679713      1.0000000000      0.1826642570
  262     -0.9054679713      1.0000000000      0.4992690970
  263     -0.9054679713      1.0000000000     -0.2029029245
  264     -0.9006414771      2.0000000000      0.3810323394
  265     -0.9006414771      2.0000000000     -0.4296721762
  266     -0.9006414771      2.0000000000     -0.4959017199
  267     -0.9006414771      2.0000000000      0.7356220383
  268     -0.9006414771      2.0000000000     -0.1713188253
  269     -0.9006414771      2.0000000000      0.7694950532
  270     -0.9006414771      2.0000000000     -0.2074764932
  271     -0.9006414771      2.0000000000     -0.0696021012
  272     -0.9006414771      2.0000000000      0.0668975467
  273     -0.9006414771      2.0000000000     -0.5790756618
  274     -0.8990102206      1.0000000000      0.4988295816
  275     -0.8990102206      1.0000000000     -0.2524390688
  276     -0.8990102206      1.0000000000      0.2883571483
  277     -0.8990102206      1.0000000000     -0.4148626276
  278     -0.8990102206      1.0000000000     -0.1973823806
  279     -0.8990102206      1.0000000000      0.0774973471
  280     -0.8625469780      1.0000000000      0.4999968634
  281     -0.8625469780      1.0000000000      0.2936123930
  282     -0.8625469780      1.0000000000     -0.4188258634
  283     -0.8625469780      1.0000000000     -0.2230319786
  284     -0.8625469780      1.0000000000      0.0260455318
  285     -0.8625469780      1.0000000000     -0.1777969462
  286     -0.8578809034      2.0000000000      0.3566581076
  287     -0.8578809034      2.0000000000      0.0011011982
  288     -0.8578809034      2.0000000000     -0.5019712039
  289     -0.8578809034      2.0000000000     -0.5969753761
  290     -0.8578809034      2.0000000000      0.0545772247
  291     -0.8578809034      2.0000000000     -0.0723732192
  292     -0.8578809034      2.0000000000     -0.4575496118
  293     -0.8578809034      2.0000000000      0.4642836620
  294     -0.8578809034      2.0000000000     -0.2313103066
  295     -0.8578809034      2.0000000000      0.9835595250
  296     -0.8090169944      1.0000000000     -0.1146972523
  297     -0.8090169944      1.0000000000     -0.4152091229
  298     -0.8090169944      1.0000000000     -0.0957582583
  299     -0.8090169944      1.0000000000     -0.1664878003
  300     -0.8090169944      1.0000000000      0.4935566472
  301     -0.8090169944      1.0000000000      0.2985957866
  302     -0.7845751354      0.0000000000      0.0000000000
  303     -0.7845751354      0.0000000000     -0.0000000000
  304     -0.7558259706      0.0000000000     -0.0000000000
  305     -0.7558259706      0.0000000000      0.0000000000
  306     -0.7185079569      0.0000000000      0.0000000000
  307     -0.7185079569      0.0000000000      0.0000000000
  308     -0.7171221423      2.0000000000      0.3113824571
  309     -0.7171221423      2.0000000000     -0.6423163518
  310     -0.7171221423      2.0000000000      0.2130529372
  311     -0.7171221423      2.0000000000     -0.7604982359
  312     -0.7171221423      2.0000000000      0.7719131587
  313     -0.7171221423      2.0000000000     -0.0320208913
  314     -0.7171221423      2.0000000000      0.1263728739
  315     -0.7171221423      2.0000000000     -0.3487170582
  316     -0.7171221423      2.0000000000      0.9985814698
  317     -0.7171221423      2.0000000000     -0.6377503594
  318     -0.6513878189      2.0000000000     -0.4416759411
  319     -0.6513878189      2.0000000000     -0.0144569200
  320     -0.6513878189      2.0000000000      0.0616263040
  321     -0.6513878189      2.0000000000     -0.2449783334
  322     -0.6513878189      2.0000000000     -0.0375536536
  323     -0.6513878189      2.0000000000     -0.6383983721
  324     -0.6513878189      2.0000000000      0.1601626211
  325     -0.6513878189      2.0000000000      0.5920477667
  326     -0.6513878189      2.0000000000     -0.4336979647
  327     -0.6513878189      2.0000000000      0.9969244931
  328     -0.5306295207      1.0000000000     -0.1548192534
  329     -0.5306295207      1.0000000000     -0.1570579987
  330     -0.5306295207      1.0000000000     -0.4378053497
  331     -0.5306295207      1.0000000000      0.3137398622
  332     -0.5306295207      1.0000000000     -0.0618186168
  333     -0.5306295207      1.0000000000      0.4977613565
  334     -0.5000000000      2.9999651340      1.4998664113
  335     -0.5000000000      2.7196484245      0.8386559321
  336     -0.5000000000      2.5453299248     -0.5509720808
  337     -0.5000000000      2.1612981607     -0.9069687634
  338     -0.5000000000      2.5590864916     -0.4015170757
  339     -0.5000000000      2.3669875094      0.0447584393
  340     -0.5000000000      2.6801508193     -0.0499156741
  341     -0.5000000000      2.6131836900     -0.4266928942
  342     -0.5000000000      2.5723521917     -0.2054730980
  343     -0.5000000000      2.6912767023     -0.1519436687
  344     -0.5000000000      2.8653638039     -0.6616287197
  345     -0.5000000000      2.6137433830      0.9718311920
  346     -0.4185217988      1.0000000000      0.4927473194
  347     -0.4185217988      1.0000000000     -0.2938126461
  348     -0.4185217988      1.0000000000      0.1214544165
  349     -0.4185217988      1.0000000000     -0.2942650956
  350     -0.4185217988      1.0000000000      0.1999682894
  351     -0.4185217988      1.0000000000     -0.2260922836
  352     -0.4144911238      1.0000000000      0.3650009031
  353     -0.4144911238      1.0000000000     -0.4025886559
  354     -0.4144911238      1.0000000000     -0.0757348299
  355     -0.4144911238      1.0000000000      0.4735219522
  356     -0.4144911238      1.0000000000     -0.0856884983
  357     -0.4144911238      1.0000000000     -0.2745108711
  358     -0.3839780332      3.0000000000      1.4397451753
  359     -0.3839780332      3.0000000000      0.1420626242
  360     -0.3839780332      3.0000000000     -0.9003513708
  361     -0.3839780332      3.0000000000     -0.5708387949
  362     -0.3839780332      3.0000000000     -0.5273588333
  363     -0.3839780332      3.0000000000     -0.5545430001
  364     -0.3839780332      3.0000000000      0.0624217131
  365     -0.3839780332      3.0000000000     -0.9121596798
  366     -0.3839780332      3.0000000000     -0.1627228667
  367     -0.3839780332      3.0000000000     -0.5741095811
  368     -0.3839780332      3.0000000000      0.4709726664
  369     -0.3839780332      3.0000000000      0.6222692134
  370     -0.3839780332      3.0000000000     -0.0352632403
  371     -0.3839780332      3.0000000000      1.4998759746
  372     -0.3293716618      0.0000000000      0.0000000000
  373     -0.3293716618      0.0000000000      0.0000000000
  374     -0.3220774549      1.0000000000      0.1082436045
  375     -0.3220774549      1.0000000000      0.4974978395
  376     -0.3220774549      1.0000000000     -0.1455083136
  377     -0.3220774549      1.0000000000     -0.2235326882
  378     -0.3220774549      1.0000000000      0.1240853901
  379     -0.3220774549      1.0000000000     -0.3607858322
  380     -0.3047624799      2.0000000000      0.0773432528
  381     -0.3047624799      2.0000000000     -0.2903813013
  382     -0.3047624799      2.0000000000      0.6585736038
  383     -0.3047624799      2.0000000000     -0.1572823139
  384     -0.3047624799      2.0000000000     -0.6820600535
  385     -0.3047624799      2.0000000000      0.4689102623
  386     -0.3047624799      2.0000000000     -0.3044759522
  387     -0.3047624799      2.0000000000     -0.4691933438
  388     -0.3047624799      2.0000000000     -0.2630602131
  389     -0.3047624799      2.0000000000      0.9616260590
  390     -0.2896833401      3.0000000000      0.4265516221
  391     -0.2896833401      3.0000000000      0.8931407712
  392     -0.2896833401      3.0000000000     -0.2548886227
  393     -0.2896833401      3.0000000000     -0.0788550800
  394     -0.2896833401      3.0000000000      1.4980310783
  395     -0.2896833401      3.0000000000     -0.5281172128
  396     -0.2896833401      3.0000000000     -0.9863092561
  397     -0.2896833401      3.0000000000      0.0407331170
  398     -0.2896833401      3.0000000000     -0.7240390110
  399     -0.2896833401      3.0000000000     -0.4619150396
  400     -0.2896833401      3.0000000000      1.0580968510
  401     -0.2896833401      3.0000000000      0.1035329475
  402     -0.2896833401      3.0000000000     -0.5586822086
  403     -0.2896833401      3.0000000000     -0.4272799563
  404     -0.2432296962      2.0000000000      0.3102010862
  405     -0.2432296962      2.0000000000     -0.1486858608
  406     -0.2432296962      2.0000000000     -0.0100633985
  407     -0.2432296962      2.0000000000     -0.4457588884
  408     -0.2432296962      2.0000000000     -0.1783503044
  409     -0.2432296962      2.0000000000     -0.3050407579
  410     -0.2432296962      2.0000000000     -0.5871223439
  411     -0.2432296962      2.0000000000     -0.0678936424
  412     -0.2432296962      2.0000000000      0.9736469753
  413     -0.2432296962      2.0000000000      0.4590671347
  414     -0.2192924850      2.0000000000      0.9920797460
  415     -0.2192924850      2.0000000000      0.4371016051
  416     -0.2192924850      2.0000000000     -0.0991367260
  417     -0.2192924850      2.0000000000     -0.0126438333
  418     -0.2192924850      2.0000000000     -0.4054847510
  419     -0.2192924850      2.0000000000     -0.5243906049
  420     -0.2192924850      2.0000000000     -0.0765794579
  421     -0.2192924850      2.0000000000     -0.2291068187
  422     -0.2192924850      2.0000000000      0.2210785369
  423     -0.2192924850      2.0000000000     -0.3029176962
  424     -0.2046295764      1.0000000000     -0.0768823702
  425     -0.2046295764      1.0000000000     -0.2520391112
  426     -0.2046295764      1.0000000000      0.1195402858
  427     -0.2046295764      1.0000000000      0.2060594963
  428     -0.2046295764      1.0000000000      0.4985283447
  429     -0.2046295764      1.0000000000     -0.4952066455
  430     -0.2005961592      2.0000000000     -0.9023539983
  431     -0.2005961592      2.0000000000     -0.2153201983
  432     -0.2005961592      2.0000000000      0.0475039795
  433     -0.2005961592      2.0000000000      0.1648214462
  434     -0.2005961592      2.0000000000      0.9053487709
  435     -0.1909830056      1.0000000000     -0.0489614831
  436     -0.1909830056      1.0000000000     -0.3559423257
  437     -0.1909830056      1.0000000000      0.1909549555
  438     -0.1909830056      1.0000000000      0.0861571351
  439     -0.1909830056      1.0000000000     -0.3720171135
  440     -0.1909830056      1.0000000000      0.4998088316
  441     -0.1768921013      0.0000000000      0.0000000000
  442     -0.1768921013      0.0000000000      0.0000000000
  443     -0.1760773870      1.0000000000      0.4986364685
  444     -0.1760773870      1.0000000000     -0.0350561156
  445     -0.1760773870      1.0000000000     -0.4635803529
  446     -0.1668977381      2.0000000000      0.3098437402
  447     -0.1668977381      2.0000000000     -0.1271341582
  448     -0.1668977381      2.0000000000     -0.6507644888
  449     -0.1668977381      2.0000000000      0.9390316948
  450     -0.1668977381      2.0000000000     -0.6275138216
  451     -0.1668977381      2.0000000000     -0.4416524679
  452     -0.1668977381      2.0000000000      0.6239890403
  453     -0.1668977381      2.0000000000     -0.4297051733
  454     -0.1668977381      2.0000000000     -0.1326258108
  455     -0.1668977381      2.0000000000      0.5365314453
  456     -0.0759845239      3.0000000000      0.7120133730
  457     -0.0759845239      3.0000000000     -0.6961169125
  458     -0.0759845239      3.0000000000     -0.5439741674
  459     -0.0759845239      3.0000000000     -0.5761359943
  460     -0.0759845239      3.0000000000     -0.6102308406
  461     -0.0759845239      3.0000000000     -0.0332165540
  462     -0.0759845239      3.0000000000      0.3308544397
  463     -0.0759845239      3.0000000000      0.4499785115
  464     -0.0759845239      3.0000000000     -0.6405459392
  465     -0.0759845239      3.0000000000      0.2094648386
  466     -0.0759845239      3.0000000000     -0.7440263340
  467     -0.0759845239      3.0000000000     -0.5254968436
  468     -0.0759845239      3.0000000000      1.1698665084
  469     -0.0759845239      3.0000000000      1.4975659143
  470     -0.0489430699      0.0000000000      0.0000000000
  471     -0.0354886274      1.0000000000     -0.1130034041
  472     -0.0354886274      1.0000000000     -0.3900388066
  473     -0.0354886274      1.0000000000     -0.1389398376
  474     -0.0354886274      1.0000000000      0.4993910381
  475     -0.0354886274      1.0000000000     -0.3291974135
  476     -0.0354886274      1.0000000000      0.4717884236
  477      0.0089698683      2.0000000000     -0.3045587836
  478      0.0089698683      2.0000000000     -0.1495787360
  479      0.0089698683      2.0000000000      0.5654876176
  480      0.0089698683      2.0000000000     -0.8459791814
  481      0.0089698683      2.0000000000      0.9138800330
  482      0.0089698683      2.0000000000      0.2141023651
  483      0.0089698683      2.0000000000     -0.2142008903
  484      0.0089698683      2.0000000000     -0.6429871738
  485      0.0089698683      2.0000000000     -0.0584117964
  486      0.0089698683      2.0000000000      0.5222465458
  487      0.0465372154      0.0000000000     -0.0000000000
  488      0.0465372154      0.0000000000      0.0000000000
  489      0.0536879269      1.0000000000      0.4997804972
  490      0.0536879269      1.0000000000      0.1639669390
  491      0.0536879269      1.0000000000     -0.0231417832
  492      0.0536879269      1.0000000000     -0.2580274098
  493      0.0536879269      1.0000000000     -0.2357372916
  494      0.0536879269      1.0000000000     -0.1468409515
  495      0.0659576922      1.0000000000      0.4170335790
  496      0.0659576922      1.0000000000      0.3023877787
  497      0.0659576922      1.0000000000      0.2103669252
  498      0.0659576922      1.0000000000     -0.0449809889
  499      0.0659576922      1.0000000000     -0.4147558112
  500      0.0659576922      1.0000000000     -0.4700514826
  501      0.0727272672      2.0000000000      0.9605273147
  502      0.0727272672      2.0000000000      0.0054134195
  503      0.0727272672      2.0000000000      0.1505069375
  504      0.0727272672      2.0000000000      0.3760241531
  505      0.0727272672      2.0000000000     -0.4747947024
  506      0.0727272672      2.0000000000     -0.3342565363
  507      0.0727272672      2.0000000000     -0.1757221034
  508      0.0727272672      2.0000000000     -0.2547521374
  509      0.0727272672      2.0000000000     -0.2672994913
  510      0.0727272672      2.0000000000      0.0143531460
  511      0.0837245956      2.0000000000      0.1351209143
  512      0.0837245956      2.0000000000     -0.0301079570
  513      0.0837245956      2.0000000000      0.9223028286
  514      0.0837245956      2.0000000000     -0.4007420076
  515      0.0837245956      2.0000000000     -0.2846868098
  516      0.0837245956      2.0000000000     -0.0221982707
  517      0.0837245956      2.0000000000      0.1552960222
  518      0.0837245956      2.0000000000     -0.4659706279
  519      0.0837245956      2.0000000000      0.6581152747
  520      0.0837245956      2.0000000000     -0.6671293668
  521      0.0989587024      1.0000000000     -0.2403844522
  522      0.0989587024      1.0000000000     -0.0818850326
  523      0.0989587024      1.0000000000      0.0061421433
  524      0.0989587024      1.0000000000      0.4902830333
  525      0.0989587024      1.0000000000     -0.1641377233
  526      0.0989587024      1.0000000000     -0.0100179686
  527      0.1063575297      2.0000000000      0.9845556254
  528      0.1063575297      2.0000000000     -0.0510752510
  529      0.1063575297      2.0000000000     -0.1005105370
  530      0.1063575297      2.0000000000     -0.0010747689
  531      0.1063575297      2.0000000000     -0.5049232743
  532      0.1063575297      2.0000000000     -0.1811252155
  533      0.1063575297      2.0000000000     -0.4112828359
  534      0.1063575297      2.0000000000      0.3303205361
  535      0.1063575297      2.0000000000     -0.5327218577
  536      0.1063575297      2.0000000000      0.4678375788
  537      0.1785079479      3.0000000000     -0.1493153705
  538      0.1785079479      3.0000000000      0.4880470637
  539      0.1785079479      3.0000000000      0.7287561932
  540      0.1785079479      3.0000000000      0.2535266448
  541      0.1785079479      3.0000000000     -0.4730184748
  542      0.1785079479      3.0000000000     -0.4981727863
  543      0.1785079479      3.0000000000     -0.4148098756
  544      0.1785079479      3.0000000000      1.4845381087
  545      0.1785079479      3.0000000000     -0.8574365380
  546      0.1785079479      3.0000000000     -0.2622829433
  547      0.1785079479      3.0000000000     -0.5272894704
  548      0.1785079479      3.0000000000     -0.3319529122
  549      0.1785079479      3.0000000000     -0.4214051614
  550      0.1785079479      3.0000000000      0.9808155221
  551      0.1819301628      0.0000000000     -0.0000000000
  552      0.1819301628      0.0000000000      0.0000000000
  553      0.2296647484      3.0000000000      0.3674480131
  554      0.2296647484      3.0000000000     -0.6372223808
  555      0.2296647484      3.0000000000     -0.3306564477
  556      0.2296647484      3.0000000000     -0.9079221262
  557      0.2296647484      3.0000000000     -0.8235602457
  558      0.2296647484      3.0000000000     -0.1377840156
  559      0.2296647484      3.0000000000     -0.2780125408
  560      0.2296647484      3.0000000000      0.0686914941
  561      0.2296647484      3.0000000000      0.0928717575
  562      0.2296647484      3.0000000000     -0.2361522235
  563      0.2296647484      3.0000000000      0.1112575496
  564      0.2296647484      3.0000000000      1.4992741024
  565      0.2296647484      3.0000000000     -0.0611155487
  566      0.2296647484      3.0000000000      1.2728826124
  567      0.3090169944      1.0000000000      0.1363865627
  568      0.3090169944      1.0000000000     -0.0520865353
  569      0.3090169944      1.0000000000     -0.3878761128
  570      0.3090169944      1.0000000000      0.1756212174
  571      0.3090169944      1.0000000000      0.4986387825
  572      0.3090169944      1.0000000000     -0.3706839144
  573      0.3134466118      2.0000000000      0.1710286990
  574      0.3134466118      2.0000000000     -0.2325110209
  575      0.3134466118      2.0000000000     -0.3142217977
  576      0.3134466118      2.0000000000     -0.1472800936
  577      0.3134466118      2.0000000000      0.0711052457
  578      0.3134466118      2.0000000000     -0.2134959145
  579      0.3134466118      2.0000000000      0.3893693740
  580      0.3134466118      2.0000000000     -0.4547438619
  581      0.3134466118      2.0000000000     -0.0542561442
  582      0.3134466118      2.0000000000      0.7850055143
  583      0.3540502861      3.0000000000     -0.3817172288
  584      0.3540502861      3.0000000000      0.0831134626
  585      0.3540502861      3.0000000000      1.4999836345
  586      0.3540502861      3.0000000000     -0.0842786072
  587      0.3540502861      3.0000000000     -0.8903533167
  588      0.3540502861      3.0000000000     -0.1943242074
  589      0.3540502861      3.0000000000     -0.1258680890
  590      0.3540502861      3.0000000000     -0.2044084914
  591      0.3540502861      3.0000000000     -0.7894985535
  592      0.3540502861      3.0000000000     -0.4827708065
  593      0.3540502861      3.0000000000     -0.2779304264
  594      0.3540502861      3.0000000000      1.2528748831
  595      0.3540502861      3.0000000000     -0.1770534380
  596      0.3540502861      3.0000000000      0.7722311846
  597      0.4495727073      2.0000000000     -0.3126240834
  598      0.4495727073      2.0000000000     -0.1829011021
  599      0.4495727073      2.0000000000     -0.4639959571
  600      0.4495727073      2.0000000000     -0.2585559732
  601      0.4495727073      2.0000000000      0.6706523984
  602      0.4495727073      2.0000000000     -0.3016567445
  603      0.4495727073      2.0000000000      0.3854456197
  604      0.4495727073      2.0000000000      0.4411668305
  605      0.4495727073      2.0000000000      0.5095702573
  606      0.4495727073      2.0000000000     -0.4871012457
  607      0.4511052399      2.0000000000     -0.2548390661
  608      0.4511052399      2.0000000000      0.0182498055
  609      0.4511052399      2.0000000000      0.7102916370
  610      0.4511052399      2.0000000000      0.0844399890
  611      0.4511052399      2.0000000000      0.1857448752
  612      0.4511052399      2.0000000000     -0.2188519100
  613      0.4511052399      2.0000000000     -0.0388349969
  614      0.4511052399      2.0000000000     -0.6660394924
  615      0.4511052399      2.0000000000      0.5010589402
  616      0.4511052399      2.0000000000     -0.3212197817
  617      0.5000000000      3.6510252367      1.6362460771
  618      0.5000000000      3.1794806832      0.1692370062
  619      0.5000000000      2.7840256462      0.7503122949
  620      0.5000000000      3.0711502583     -0.4523129050
  621      0.5000000000      3.2234732954     -0.3802596720
  622      0.5000000000      3.0104970874     -0.2245893372
  623      0.5000000000      3.1423079998     -0.5068444090
  624      0.5000000000      3.2993513828     -0.5129814579
  625      0.5000000000      3.4380874752     -0.2699622394
  626      0.5000000000      2.9741814989      0.3612755383
  627      0.5000000000      3.8307313587      1.8311557088
  628      0.5000000000      3.4159581464     -0.8979118246
  629      0.5000000000      3.0601132167     -0.4920636774
  630      0.5000000000      3.3687310484     -0.4068005049
  631      0.5000000000      3.3863943160     -0.0896900848
  632      0.5000000000      3.1218760247     -0.6196340098
  633      0.5000000000      3.1372961022     -0.1558148784
  634      0.5000000000      3.0908775220      0.7728478765
  635      0.5000000000      3.1755848156      0.1425844599
  636      0.5000000000      2.9363482779     -0.3737521314
  637      0.5000000000      2.5729668952     -0.7510877574
  638      0.5000000000      3.6061067208     -0.4721380648
  639      0.5000000000      3.2829896570      0.0710472032
  640      0.5000000000      3.1018486454      0.2471111721
  641      0.5000000000      3.2680651854      0.0649720753
  642      0.5000000000      3.4424067338      0.5590535417
  643      0.5307188559      2.0000000000     -0.1714151544
  644      0.5307188559      2.0000000000     -0.7406819918
  645      0.5307188559      2.0000000000     -0.2962816893
  646      0.5307188559      2.0000000000      0.2917894883
  647      0.5307188559      2.0000000000      0.3161806598
  648      0.5307188559      2.0000000000     -0.4217756714
  649      0.5307188559      2.0000000000      0.2105098014
  650      0.5307188559      2.0000000000      0.3483860006
  651      0.5307188559      2.0000000000     -0.0752705762
  652      0.5307188559      2.0000000000      0.5385591331
  653      0.5560379727      2.0000000000      0.0783961094
  654      0.5560379727      2.0000000000     -0.4833018888
  655      0.5560379727      2.0000000000     -0.4957408075
  656      0.5560379727      2.0000000000      0.0386505697
  657      0.5560379727      2.0000000000     -0.0158946425
  658      0.5560379727      2.0000000000      0.3110894442
  659      0.5560379727      2.0000000000     -0.6043632293
  660      0.5560379727      2.0000000000      0.2267415824
  661      0.5560379727      2.0000000000      0.2891357129
  662      0.5560379727      2.0000000000      0.6552871494
  663      0.5657171490      1.0000000000      0.0296476863
  664      0.5657171490      1.0000000000     -0.0901361037
  665      0.5657171490      1.0000000000     -0.2047920880
  666      0.5657171490      1.0000000000      0.0853990243
  667      0.5657171490      1.0000000000      0.4153717200
  668      0.5657171490      1.0000000000     -0.2354902390
  669      0.5702724084      1.0000000000     -0.1383112596
  670      0.5702724084      1.0000000000      0.0682006964
  671      0.5702724084      1.0000000000     -0.2182746448
  672      0.5702724084      1.0000000000      0.4992105271
  673      0.5702724084      1.0000000000     -0.1290536267
  674      0.5702724084      1.0000000000     -0.0817716925
  675      0.6057739617      0.0000000000      0.0000000000
  676      0.6703124980      1.0000000000     -0.2842463230
  677      0.6703124980      1.0000000000     -0.2156174220
  678      0.6703124980      1.0000000000      0.4998637450
  679      0.6736725662      1.0000000000      0.4998776382
  680      0.6736725662      1.0000000000     -0.0756443146
  681      0.6736725662      1.0000000000     -0.4344724906
  682      0.6736725662      1.0000000000      0.3305849398
  683      0.6736725662      1.0000000000     -0.0246223359
  684      0.6736725662      1.0000000000     -0.2957234369
  685      0.6909830056      4.0000000000      1.9915010747
  686      0.6909830056      4.0000000000      1.5412282404
  687      0.6909830056      4.0000000000     -0.5755311952
  688      0.6909830056      4.0000000000     -1.3306073147
  689      0.6909830056      4.0000000000     -0.0096347121
  690      0.6909830056      4.0000000000     -0.3916889210
  691      0.6909830056      4.0000000000     -0.4547419046
  692      0.6909830056      4.0000000000     -0.0431531790
  693      0.6909830056      4.0000000000     -0.2772680898
  694      0.6909830056      4.0000000000     -1.4401297116
  695      0.6909830056      4.0000000000     -0.4989977793
  696      0.6909830056      4.0000000000     -1.2954517275
  697      0.6909830056      4.0000000000     -0.4238849733
  698      0.6909830056      4.0000000000     -0.8607937981
  699      0.6909830056      4.0000000000      0.7628158756
  700      0.6909830056      4.0000000000      1.3552952206
  701      0.6909830056      4.0000000000      0.4055921381
  702      0.6909830056      4.0000000000      1.5454507570
  703      0.7503141081      2.0000000000      0.6906043907
  704      0.7503141081      2.0000000000     -0.8428750065
  705      0.7503141081      2.0000000000     -0.1979308574
  706      0.7503141081      2.0000000000      0.2382410933
  707      0.7503141081      2.0000000000     -0.2146529886
  708      0.7503141081      2.0000000000     -0.4865986705
  709      0.7503141081      2.0000000000      0.5884255043
  710      0.7503141081      2.0000000000     -0.0868939675
  711      0.7503141081      2.0000000000     -0.1792269475
  712      0.7503141081      2.0000000000      0.4909074498
  713      0.7701254498      0.0000000000      0.0000000000
  714      0.7701254498      0.0000000000      0.0000000000
  715      0.8264626963      3.0000000000     -0.8283088827
  716      0.8264626963      3.0000000000      0.8950368434
  717      0.8264626963      3.0000000000     -0.4060134629
  718      0.8264626963      3.0000000000     -0.4417778793
  719      0.8264626963      3.0000000000     -0.9999383475
  720      0.8264626963      3.0000000000      0.0186896270
  721      0.8264626963      3.0000000000      0.7539964918
  722      0.8264626963      3.0000000000     -0.0391097263
  723      0.8264626963      3.0000000000     -0.3118672626
  724      0.8264626963      3.0000000000     -0.1661341457
  725      0.8264626963      3.0000000000      1.4997855053
  726      0.8264626963      3.0000000000     -0.4000423517
  727      0.8264626963      3.0000000000      0.3294655300
  728      0.8264626963      3.0000000000      0.0962180612
  729      0.8386609494      0.0000000000     -0.0000000000
  730      0.8472963553      3.0000000000     -0.5708135564
  731      0.8472963553      3.0000000000      1.4999094317
  732      0.8472963553      3.0000000000     -0.5768398391
  733      0.8472963553      3.0000000000     -1.4644288681
  734      0.8472963553      3.0000000000      0.9993966518
  735      0.8472963553      3.0000000000     -0.0406957642
  736      0.8472963553      3.0000000000      0.1534719444
  737      0.8647860750      1.0000000000     -0.4101898245
  738      0.8647860750      1.0000000000      0.1409543931
  739      0.8647860750      1.0000000000      0.0278349686
  740      0.8647860750      1.0000000000      0.4071669116
  741      0.8647860750      1.0000000000     -0.2558613335
  742      0.8647860750      1.0000000000      0.0900948849
  743      0.9463580418      1.0000000000      0.4753806022
  744      0.9463580418      1.0000000000      0.0140294564
  745      0.9463580418      1.0000000000      0.2451463757
  746      0.9463580418      1.0000000000     -0.4318187514
  747      0.9463580418      1.0000000000      0.1116478514
  748      0.9463580418      1.0000000000     -0.4143855343
  749      1.0597772794      3.0000000000      1.4987829562
  750      1.0597772794      3.0000000000      0.1719934236
  751      1.0597772794      3.0000000000     -0.8051363054
  752      1.0597772794      3.0000000000      0.1879740666
  753      1.0597772794      3.0000000000     -0.4391147090
  754      1.0597772794      3.0000000000     -0.8805901613
  755      1.0597772794      3.0000000000      0.4530112994
  756      1.0597772794      3.0000000000      0.8801289643
  757      1.0597772794      3.0000000000     -0.9386576421
  758      1.0597772794      3.0000000000     -0.5602217026
  759      1.0597772794      3.0000000000     -0.0365556745
  760      1.0597772794      3.0000000000     -0.2208392293
  761      1.0597772794      3.0000000000      0.1584843042
  762      1.0597772794      3.0000000000      0.5307404098
  763      1.0844693404      1.0000000000     -0.0120439885
  764      1.0844693404      1.0000000000      0.4995371923
  765      1.0844693404      1.0000000000      0.0398430376
  766      1.0844693404      1.0000000000     -0.4789245949
  767      1.0844693404      1.0000000000      0.2846238714
  768      1.0844693404      1.0000000000     -0.3330355179
  769      1.1031363196      2.0000000000      0.8756667027
  770      1.1031363196      2.0000000000      0.2049209629
  771      1.1031363196      2.0000000000     -0.5501327294
  772      1.1031363196      2.0000000000      0.7014131666
  773      1.1031363196      2.0000000000     -0.2926453445
  774      1.1031363196      2.0000000000      0.0711706965
  775      1.1031363196      2.0000000000      0.4617664046
  776      1.1031363196      2.0000000000     -0.5391671032
  777      1.1031363196      2.0000000000     -0.5000407331
  778      1.1031363196      2.0000000000     -0.4329520232
  779      1.1513878189      2.0000000000     -0.0020611457
  780      1.1513878189      2.0000000000      0.0379603857
  781      1.1513878189      2.0000000000     -0.2445881322
  782      1.1513878189      2.0000000000      0.5622562834
  783      1.1513878189      2.0000000000      0.5896018511
  784      1.1513878189      2.0000000000     -0.5353800173
  785      1.1513878189      2.0000000000     -0.2572050000
  786      1.1513878189      2.0000000000     -0.3121493725
  787      1.1513878189      2.0000000000     -0.3761287810
  788      1.1513878189      2.0000000000      0.5376939286
  789      1.1731224449      2.0000000000     -0.3043615929
  790      1.1731224449      2.0000000000     -0.5047833918
  791      1.1731224449      2.0000000000      0.0174442163
  792      1.1731224449      2.0000000000     -0.1983690339
  793      1.1731224449      2.0000000000     -0.1835527845
  794      1.1731224449      2.0000000000      0.4355050815
  795      1.1731224449      2.0000000000      0.9707194268
  796      1.1731224449      2.0000000000     -0.5942222892
  797      1.1731224449      2.0000000000      0.3949875150
  798      1.1731224449      2.0000000000     -0.0333671474
  799      1.1807343831      2.0000000000      0.5570362533
  800      1.1807343831      2.0000000000     -0.0152507919
  801      1.1807343831      2.0000000000      0.4222631866
  802      1.1807343831      2.0000000000     -0.7164393116
  803      1.1807343831      2.0000000000      0.0209636163
  804      1.1807343831      2.0000000000     -0.2246744782
  805      1.1807343831      2.0000000000     -0.0421265785
  806      1.1807343831      2.0000000000      0.3482805983
  807      1.1807343831      2.0000000000     -0.1529064836
  808      1.1807343831      2.0000000000     -0.1971460107
  809      1.1909830056      4.0000000000      1.6499719237
  810      1.1909830056      4.0000000000      1.9999465601
  811      1.1909830056      4.0000000000      1.1162058063
  812      1.1909830056      4.0000000000     -0.6653278103
  813      1.1909830056      4.0000000000      0.2047621933
  814      1.1909830056      4.0000000000      0.1155299578
  815      1.1909830056      4.0000000000     -0.1690894721
  816      1.1909830056      4.0000000000     -1.0969747107
  817      1.1909830056      4.0000000000     -0.8223209571
  818      1.1909830056      4.0000000000     -0.6037455460
  819      1.1909830056      4.0000000000     -0.0459166572
  820      1.1909830056      4.0000000000     -0.9483415603
  821      1.1909830056      4.0000000000     -0.1597778692
  822      1.1909830056      4.0000000000     -1.0340473027
  823      1.1909830056      4.0000000000      0.6843111698
  824      1.1909830056      4.0000000000     -0.8298391136
  825      1.1909830056      4.0000000000      1.1991647692
  826      1.1909830056      4.0000000000     -0.5945113810
  827      1.2106541761      0.0000000000      0.0000000000
  828      1.2106541761      0.0000000000      0.0000000000
  829      1.2969296253      1.0000000000      0.0403703153
  830      1.2969296253      1.0000000000     -0.2666628372
  831      1.2969296253      1.0000000000     -0.3864826805
  832      1.2969296253      1.0000000000      0.4989564187
  833      1.2969296253      1.0000000000     -0.0114770388
  834      1.2969296253      1.0000000000      0.1252958225
  835      1.3998055733      1.0000000000     -0.2724337230
  836      1.3998055733      1.0000000000      0.3200192069
  837      1.3998055733      1.0000000000     -0.2282163896
  838      1.3998055733      1.0000000000      0.0775628373
  839      1.3998055733      1.0000000000     -0.3964363415
  840      1.3998055733      1.0000000000      0.4995044099
  841      1.4275117446      2.0000000000      0.1274683590
  842      1.4275117446      2.0000000000     -0.0633442936
  843      1.4275117446      2.0000000000     -0.0349085389
  844      1.4275117446      2.0000000000     -0.2149348168
  845      1.4275117446      2.0000000000      0.6524086475
  846      1.4275117446      2.0000000000      0.9281719426
  847      1.4275117446      2.0000000000     -0.5768130212
  848      1.4275117446      2.0000000000     -0.4367247016
  849      1.4275117446      2.0000000000     -0.1796635756
  850      1.4275117446      2.0000000000     -0.2016600014
  851      1.4670866262      3.0000000000      0.0970228028
  852      1.4670866262      3.0000000000      0.7955825349
  853      1.4670866262      3.0000000000      0.1798517490
  854      1.4670866262      3.0000000000     -0.4527610747
  855      1.4670866262      3.0000000000     -1.0145236088
  856      1.4670866262      3.0000000000     -0.2331979269
  857      1.4670866262      3.0000000000      1.3167477135
  858      1.4670866262      3.0000000000     -0.7343331721
  859      1.4670866262      3.0000000000      1.4999071953
  860      1.4670866262      3.0000000000     -0.8138125353
  861      1.4670866262      3.0000000000     -0.5028259380
  862      1.4670866262      3.0000000000     -0.3684451631
  863      1.4670866262      3.0000000000      0.1136750866
  864      1.4670866262      3.0000000000      0.1171123368
  865      1.4814168524      0.0000000000     -0.0000000000
  866      1.4814168524      0.0000000000     -0.0000000000
  867      1.4889413140      1.0000000000     -0.0087742857
  868      1.4889413140      1.0000000000     -0.4881329670
  869      1.4889413140      1.0000000000      0.4969072527
  870      1.5000000000      3.0000000000      0.0285404015
  871      1.5000000000      3.0000000000      0.9190854354
  872      1.5000000000      3.0000000000      1.4998879910
  873      1.5000000000      3.0000000000     -0.7819261328
  874      1.5000000000      3.0000000000     -0.2948258977
  875      1.5000000000      3.0000000000     -0.2563902811
  876      1.5000000000      3.0000000000     -1.1143715164
  877      1.5955594905      3.0000000000     -0.7585023827
  878      1.5955594905      3.0000000000     -0.8244448136
  879      1.5955594905      3.0000000000     -0.6569574769
  880      1.5955594905      3.0000000000      0.3528234650
  881      1.5955594905      3.0000000000      0.2554125876
  882      1.5955594905      3.0000000000     -0.3170886677
  883      1.5955594905      3.0000000000      1.4965722967
  884      1.5955594905      3.0000000000     -0.0251289036
  885      1.5955594905      3.0000000000     -0.6473331874
  886      1.5955594905      3.0000000000      0.1034734593
  887      1.5955594905      3.0000000000     -0.3348847192
  888      1.5955594905      3.0000000000      1.3482185905
  889      1.5955594905      3.0000000000     -0.5456684694
  890      1.5955594905      3.0000000000      0.5535082214
  891      1.6251828011      1.0000000000      0.4294401691
  892      1.6251828011      1.0000000000     -0.2381964869
  893      1.6251828011      1.0000000000      0.4998631100
  894      1.6251828011      1.0000000000     -0.2889154321
  895      1.6251828011      1.0000000000     -0.2415011065
  896      1.6251828011      1.0000000000     -0.1606902536
  897      1.8062497846      2.0000000000      0.5048813478
  898      1.8062497846      2.0000000000     -0.3666273739
  899      1.8062497846      2.0000000000      0.2490856645
  900      1.8062497846      2.0000000000     -0.4269980363
  901      1.8062497846      2.0000000000     -0.1541665544
  902      1.8062497846      2.0000000000     -0.7311099174
  903      1.8062497846      2.0000000000     -0.1665068208
  904      1.8062497846      2.0000000000      0.9992990806
  905      1.8062497846      2.0000000000     -0.7699840551
  906      1.8062497846      2.0000000000      0.8621266651
  907      1.8090169944      4.0000000000      1.9997772626
  908      1.8090169944      4.0000000000     -0.3636237672
  909      1.8090169944      4.0000000000     -0.8839910440
  910      1.8090169944      4.0000000000     -0.1100973162
  911      1.8090169944      4.0000000000     -0.3034651866
  912      1.8090169944      4.0000000000      1.3077965390
  913      1.8090169944      4.0000000000     -0.6259910813
  914      1.8090169944      4.0000000000     -0.0333481871
  915      1.8090169944      4.0000000000      1.1429663481
  916      1.8090169944      4.0000000000     -0.2356969598
  917      1.8090169944      4.0000000000     -0.8459613697
  918      1.8090169944      4.0000000000     -0.7809614295
  919      1.8090169944      4.0000000000      0.5476217449
  920      1.8090169944      4.0000000000     -0.6326922887
  921      1.8090169944      4.0000000000     -1.2369375653
  922      1.8090169944      4.0000000000     -0.4438528660
  923      1.8090169944      4.0000000000     -0.4297717919
  924      1.8090169944      4.0000000000      1.9282289587
  925      1.8329716715      2.0000000000      0.5178309530
  926      1.8329716715      2.0000000000      0.9168249932
  927      1.8329716715      2.0000000000     -0.7362430012
  928      1.8329716715      2.0000000000     -0.2147875855
  929      1.8329716715      2.0000000000     -0.4836253595
  930      1.8389447415      3.0000000000     -0.5632253976
  931      1.8389447415      3.0000000000     -1.0218990470
  932      1.8389447415      3.0000000000     -0.4584559480
  933      1.8389447415      3.0000000000     -0.1416638557
  934      1.8389447415      3.0000000000      0.1742666635
  935      1.8389447415      3.0000000000     -0.7088432689
  936      1.8389447415      3.0000000000     -0.7890931539
  937      1.8389447415      3.0000000000      0.3908003770
  938      1.8389447415      3.0000000000      0.2924249251
  939      1.8389447415      3.0000000000     -0.4976585334
  940      1.8389447415      3.0000000000      1.1338611275
  941      1.8389447415      3.0000000000      0.2834985599
  942      1.8389447415      3.0000000000      0.4297238077
  943      1.8389447415      3.0000000000      1.4762637438
  944      1.8997905727      2.0000000000     -0.3756453828
  945      1.8997905727      2.0000000000      0.2069711814
  946      1.8997905727      2.0000000000      0.3209301515
  947      1.8997905727      2.0000000000     -0.1157706162
  948      1.8997905727      2.0000000000      0.4642730397
  949      1.8997905727      2.0000000000      0.9849224930
  950      1.8997905727      2.0000000000     -0.4541963364
  951      1.8997905727      2.0000000000     -0.3035662369
  952      1.8997905727      2.0000000000      0.0185266454
  953      1.8997905727      2.0000000000     -0.7464449387
  954      1.9908636154      1.0000000000     -0.2393292751
  955      1.9908636154      1.0000000000     -0.2602802644
  956      1.9908636154      1.0000000000      0.4996095395
  957      2.0320888862      3.0000000000     -0.0203167775
  958      2.0320888862      3.0000000000      0.6882710392
  959      2.0320888862      3.0000000000      1.4990139251
  960      2.0320888862      3.0000000000     -1.0313068552
  961      2.0320888862      3.0000000000     -1.4509363709
  962      2.0320888862      3.0000000000     -0.3969837497
  963      2.0320888862      3.0000000000      0.7122587890
  964      2.0494515057      1.0000000000      0.4999324968
  965      2.0494515057      1.0000000000      0.3902041302
  966      2.0494515057      1.0000000000     -0.4099056140
  967      2.0494515057      1.0000000000     -0.0912270834
  968      2.0494515057      1.0000000000     -0.3178633352
  969      2.0494515057      1.0000000000     -0.0711405945
  970      2.0589182270      0.0000000000     -0.0000000000
  971      2.0866875968      2.0000000000      0.1244025704
  972      2.0866875968      2.0000000000      0.5604125258
  973      2.0866875968      2.0000000000     -0.0430353332
  974      2.0866875968      2.0000000000     -0.2979247764
  975      2.0866875968      2.0000000000     -0.4989084080
  976      2.0866875968      2.0000000000      0.3406430235
  977      2.0866875968      2.0000000000     -0.1182706315
  978      2.0866875968      2.0000000000     -0.1496357673
  979      2.0866875968      2.0000000000      0.5613349257
  980      2.0866875968      2.0000000000     -0.4790181289
  981      2.1723278945      3.0000000000      1.4999956097
  982      2.1723278945      3.0000000000      0.8053118775
  983      2.1723278945      3.0000000000      0.1113346457
  984      2.1723278945      3.0000000000     -0.8282989012
  985      2.1723278945      3.0000000000     -0.5359149437
  986      2.1723278945      3.0000000000     -0.6594795132
  987      2.1723278945      3.0000000000     -0.2747545977
  988      2.1723278945      3.0000000000     -0.6612685204
  989      2.1723278945      3.0000000000     -0.2653996380
  990      2.1723278945      3.0000000000      0.2782958898
  991      2.1723278945      3.0000000000     -0.6601235801
  992      2.1723278945      3.0000000000      1.3935783238
  993      2.1723278945      3.0000000000     -0.6196491993
  994      2.1723278945      3.0000000000      0.4163725470
  995      2.3090169944      4.0000000000     -0.1467848597
  996      2.3090169944      4.0000000000     -1.5447478426
  997      2.3090169944      4.0000000000     -0.6430272379
  998      2.3090169944      4.0000000000     -0.2110040157
  999      2.3090169944      4.0000000000     -1.2186262571
 1000      2.3090169944      4.0000000000     -0.2677491976
 1001      2.3090169944      4.0000000000     -1.1357620767
 1002      2.3090169944      4.0000000000      1.5529168767
 1003      2.3090169944      4.0000000000      1.9996487712
 1004      2.3090169944      4.0000000000      1.0121973053
 1005      2.3090169944      4.0000000000     -0.0940196181
 1006      2.3090169944      4.0000000000      0.5582936834
 1007      2.3090169944      4.0000000000      0.2408713019
 1008      2.3090169944      4.0000000000     -0.5926884876
 1009      2.3090169944      4.0000000000     -1.3432385751
 1010      2.3090169944      4.0000000000     -0.7098813035
 1011      2.3090169944      4.0000000000      1.8688766649
 1012      2.3090169944      4.0000000000      0.6747248684
 1013      2.5000000000      5.0000000000     -0.9998982064
 1014      2.5000000000      5.0000000000     -0.3927271012
 1015      2.5000000000      5.0000000000      1.4993255510
 1016      2.5000000000      5.0000000000      0.9898256697
 1017      2.5000000000      5.0000000000     -1.5000000000
 1018      2.5000000000      5.0000000000     -2.5000000000
 1019      2.5000000000      5.0000000000      2.5000000000
 1020      2.5000000000      5.0000000000      0.1557223766
 1021      2.5000000000      5.0000000000      1.9999698922
 1022      2.5000000000      5.0000000000     -2.0000000000
 1023      2.5000000000      5.0000000000      0.2477818182
