 nu =           0  k =            0    nst =           1
    0      4.0000000000      8.0000000000
 nu =           1  k =            0    nst =           1
    0      4.0000000000      8.0000000000
 nu =           1  k =            1    nst =           1
    0      3.9238795325      7.0000000000
 nu =           1  k =            2    nst =           1
    0      3.7071067812      7.0000000000
 nu =           1  k =            3    nst =           1
    0      3.3826834324      7.0000000000
 nu =           1  k =            4    nst =           1
    0      3.0000000000      7.0000000000
 nu =           1  k =            5    nst =           1
    0      2.6173165676      7.0000000000
 nu =           1  k =            6    nst =           1
    0      2.2928932188      7.0000000000
 nu =           1  k =            7    nst =           1
    0      2.0761204675      7.0000000000
 nu =           1  k =            8    nst =           1
    0      2.0000000000      7.0000000000
 nu =           2  k =            0    nst =           8
    0      0.0437047985      6.0000000000
    1      0.3819660113      6.0000000000
    2      1.0000000000      6.0000000000
    3      1.7909430735      6.0000000000
    4      2.6180339887      6.0000000000
    5      3.3382612127      6.0000000000
    6      3.8270909153      6.0000000000
    7      4.0000000000      8.0000000000
 nu =           2  k =            1    nst =           7
    0      0.2082356849      6.0000000000
    1      0.6882934171      6.0000000000
    2      1.3955964343      6.0000000000
    3      2.2078460013      6.0000000000
    4      2.9845979965      6.0000000000
    5      3.5915509334      6.0000000000
    6      3.9238795325      7.0000000000
 nu =           2  k =            2    nst =           8
    0      0.1928327648      6.0000000000
    1      0.5070007340      6.0000000000
    2      1.0810150434      6.0000000000
    3      1.8156258682      6.0000000000
    4      2.5838193347      6.0000000000
    5      3.2527947663      6.0000000000
    6      3.7071067812      7.0000000000
    7      3.8598047075      6.0000000000
 nu =           2  k =            3    nst =           7
    0      0.4826097403      6.0000000000
    1      0.8940901509      6.0000000000
    2      1.5003542613      6.0000000000
    3      2.1965760717      6.0000000000
    4      2.8623805954      6.0000000000
    5      3.3826834324      7.0000000000
    6      3.6813057479      6.0000000000
 nu =           2  k =            4    nst =           8
    0      0.6174096512      6.0000000000
    1      0.8621606984      6.0000000000
    2      1.3093275323      6.0000000000
    3      1.8815465294      6.0000000000
    4      2.4797484448      6.0000000000
    5      3.0000000000      7.0000000000
    6      3.3479392309      6.0000000000
    7      3.5018679130      6.0000000000
 nu =           2  k =            5    nst =           7
    0      0.9886861081      6.0000000000
    1      1.2708631362      6.0000000000
    2      1.6864435296      6.0000000000
    3      2.1631555424      6.0000000000
    4      2.6173165676      7.0000000000
    5      2.9650047067      6.0000000000
    6      3.3085304093      6.0000000000
 nu =           2  k =            6    nst =           8
    0      1.2523994772      6.0000000000
    1      1.3898562180      6.0000000000
    2      1.6407093369      6.0000000000
    3      1.9608056003      6.0000000000
    4      2.2928932188      7.0000000000
    5      2.5744458207      6.0000000000
    6      2.7424426662      6.0000000000
    7      3.1464476619      6.0000000000
 nu =           2  k =            7    nst =           7
    0      1.6467764732      6.0000000000
    1      1.7509840916      6.0000000000
    2      1.9035104451      6.0000000000
    3      2.0761204675      7.0000000000
    4      2.2355949471      6.0000000000
    5      2.3489533419      6.0000000000
    6      3.0380602336      6.0000000000
 nu =           2  k =            8    nst =           8
    0      2.0000000000      6.0028302640
    1      2.0000000000      6.0000232475
    2      2.0000000000      6.0003509820
    3      2.0000000000      6.9893889067
    4      2.0000000000      6.0082086366
    5      2.0000000000      6.0006593259
    6      2.0000000000      6.0001566078
    7      3.0000000000      6.0000000000
 nu =           3  k =            0    nst =          35
    0     -0.2352133067      4.9992271819
    1     -0.2279226323      5.0003092097
    2     -0.1273001385      5.0022723477
    3     -0.1090109937      5.0009945465
    4      0.0638649423      5.8773003674
    5      0.0882200933      5.0965190218
    6      0.1267316756      5.0240279234
    7      0.1687006688      5.0660857452
    8      0.1979931455      4.9975021257
    9      0.3800848153      5.9257503909
   10      0.5290597146      5.0126385615
   11      0.6339376101      5.0197548899
   12      0.6818718481      5.0018966642
   13      0.7683633866      5.0489009335
   14      0.8920980381      4.9891078678
   15      1.0448130926      5.4520277745
   16      1.1199800349      5.6349448690
   17      1.1970683462      5.0165644212
   18      1.2396889879      4.8683156930
   19      1.3261741357      5.0875440776
   20      1.5907759254      4.9885421804
   21      1.7455139768      5.7056530188
   22      1.8623737328      5.2019566558
   23      2.0547091938      4.9530475981
   24      2.0954480228      5.0480177219
   25      2.1021063434      4.9957029320
   26      2.3970360352      4.8663074235
   27      2.4973621361      6.0962202676
   28      2.9829745189      5.1159478919
   29      3.1130841356      4.9317229315
   30      3.2096067036      5.1557154210
   31      3.2395305592      5.6776028406
   32      3.3920895891      5.4296142254
   33      3.8992280466      7.1265175016
   34      4.0589576163      6.8787082584
 nu =           3  k =            1    nst =          35
    0     -0.5373615893      4.9992918441
    1     -0.2421780821      5.0010366998
    2     -0.0854832672      5.0217757587
    3     -0.0649640140      5.0096051904
    4     -0.0523114407      4.9661413027
    5      0.1211931510      5.1699725860
    6      0.1316241254      5.1783081129
    7      0.2162994998      5.1472516999
    8      0.2861442098      5.4858986514
    9      0.3161038753      5.0849872704
   10      0.3857697235      5.0110855094
   11      0.5360855680      5.0100755464
   12      0.7365633071      5.8961389985
   13      0.9230618191      5.0020208600
   14      0.9431900055      5.0235692506
   15      1.0038874733      5.0059930348
   16      1.0613551348      4.9979240219
   17      1.1749631642      4.6026443856
   18      1.2279055408      5.7260735243
   19      1.3017790742      5.5906418910
   20      1.5589477337      5.0850283531
   21      1.6229804199      4.9871300888
   22      1.6985272144      5.0026733338
   23      1.8680833328      5.1452138472
   24      2.0544416721      5.0365940640
   25      2.2885177126      5.7335649016
   26      2.4627907091      5.2273152245
   27      2.4933913957      4.9666995781
   28      2.6910515923      5.1881434712
   29      2.9782185085      5.8052664490
   30      3.1094028151      4.9814857901
   31      3.2379346514      4.9420997069
   32      3.4106482050      6.1413708884
   33      3.7170647381      5.4911752381
   34      4.0416885884      6.5658582804
 nu =           3  k =            2    nst =          35
    0     -0.9742424624      4.9998755166
    1     -0.4805498427      4.9998441297
    2     -0.2866541516      4.9822143638
    3     -0.2182579141      5.0265319278
    4     -0.0872937685      4.9991139832
    5      0.1130371443      5.0822707755
    6      0.2461109005      5.8797190390
    7      0.3293345276      5.0190943153
    8      0.4050233642      5.2905435777
    9      0.4892023858      5.5343754960
   10      0.5363171023      5.2034720646
   11      0.6153678383      5.0592549086
   12      0.6907898101      5.0091809641
   13      0.8408581468      4.9915000290
   14      1.0143381909      5.1684240377
   15      1.1025097006      5.7257978959
   16      1.1595693532      4.9842848196
   17      1.1765188434      5.0546006810
   18      1.2976183726      5.0567742601
   19      1.3810343549      5.0143367133
   20      1.4891533387      5.0234762307
   21      1.6560904442      5.0177156847
   22      1.7107922003      5.4764960005
   23      1.8540261041      5.4886600949
   24      2.0872122348      5.0070811202
   25      2.1985978804      4.9961366722
   26      2.4895702047      4.8555608962
   27      2.5401443778      6.0427341809
   28      2.7081280803      5.1853946685
   29      2.8797883380      5.0168381644
   30      3.0630511785      5.1803358252
   31      3.2494527355      5.8365693679
   32      3.3651927617      5.1566084209
   33      3.6599080311      6.8177029543
   34      3.9911534125      6.0431533988
 nu =           3  k =            3    nst =          35
    0     -0.9737901257      4.9994772780
    1     -0.7174114345      4.9972198587
    2     -0.4132352648      4.9944688976
    3     -0.2834290222      4.9977538009
    4      0.0600257454      4.9976221876
    5      0.2114347431      4.9980608632
    6      0.2685513641      5.0121436867
    7      0.4199225283      4.4106297173
    8      0.4538229703      6.4072749476
    9      0.5755999904      5.0648659582
   10      0.6865233863      5.0748270001
   11      0.7531199219      5.0795886980
   12      0.9060780018      5.7013372337
   13      0.9907504492      5.0782701044
   14      1.0450130604      5.1155386633
   15      1.1862399510      4.9930525765
   16      1.2366003637      5.0114596136
   17      1.2591588883      5.0154249245
   18      1.3754199375      5.2472099873
   19      1.4186082790      5.4984561933
   20      1.6759919294      5.1992743223
   21      1.7247138709      5.0227155392
   22      1.8184944423      5.0192710062
   23      1.9517493098      5.0017364281
   24      2.1386787861      5.5682286976
   25      2.2409589708      5.4305460952
   26      2.3628846064      5.0778684420
   27      2.4958235070      5.0248013518
   28      2.8523480907      5.6228523409
   29      3.0028434579      5.1119185518
   30      3.0771564535      5.4729982791
   31      3.2496815636      3.9579192520
   32      3.2681742860      7.5064396239
   33      3.6957779884      5.5982194989
   34      3.9095985363      5.4811857261
 nu =           3  k =            4    nst =          35
    0     -1.1766721682      4.9991086770
    1     -0.8162555125      4.9981208829
    2     -0.5684988868      4.9808886451
    3     -0.3651911430      5.0088288012
    4     -0.1551909017      4.9994766052
    5      0.0370482715      4.9879103663
    6      0.4205433877      4.4624159237
    7      0.4957371060      6.1171176001
    8      0.6116488246      5.0080147133
    9      0.7054387489      5.8238772898
   10      0.8374300379      5.4568581343
   11      0.8775139884      4.9081699851
   12      0.9770893015      5.0797626206
   13      0.9999144443      5.0102375412
   14      1.0331419318      5.2293083057
   15      1.2251277457      5.0257674430
   16      1.2671819799      5.3015819722
   17      1.3389707034      5.4876796806
   18      1.4483318008      5.0476365519
   19      1.4813080164      5.0335008434
   20      1.5586971754      5.0295213345
   21      1.7840223774      5.0518854179
   22      1.8715553396      5.8062601802
   23      1.9815684419      5.1144165580
   24      2.1531917505      4.8487186148
   25      2.1806553109      5.1410949548
   26      2.3063682612      5.7674184884
   27      2.4735943687      5.3845099030
   28      2.5446047207      4.9573069905
   29      2.8751881634      5.0782144084
   30      2.9727782878      6.0841015758
   31      3.1372201759      6.2863736973
   32      3.2487015174      5.7128959895
   33      3.4360097299      5.8589592027
   34      3.8012267025      5.1503940068
 nu =           3  k =            5    nst =          35
    0     -1.5825989114      4.9998374692
    1     -0.9127775188      4.9934124687
    2     -0.6880870714      4.9892503315
    3     -0.6036018062      5.0033643251
    4     -0.5080198755      5.0013729246
    5      0.0440491274      4.9814607843
    6      0.4137864261      4.9931224907
    7      0.4572048066      4.9077505209
    8      0.4961716048      5.1671206872
    9      0.5769211697      5.0688595042
   10      0.8319738787      5.0307469954
   11      0.9138514491      5.7611381423
   12      1.0552025625      5.0035739732
   13      1.2138651978      5.4470360694
   14      1.2636658412      5.0955554912
   15      1.2969262325      5.5925483972
   16      1.3406829964      5.0343554654
   17      1.3992508844      5.0930429746
   18      1.6395871914      4.9189562148
   19      1.6596080871      5.4535948112
   20      1.7042423572      5.3611178823
   21      1.7657154649      5.1605417244
   22      1.8543331023      5.0329618078
   23      1.8851277560      5.2095069705
   24      2.0767248862      5.2828087562
   25      2.2196644364      5.6022682613
   26      2.4241207494      5.1193106381
   27      2.5127389992      5.0709127243
   28      2.5544070096      6.4859270125
   29      2.6103740154      5.5098252494
   30      2.9441850892      5.4728910500
   31      3.0308410094      5.4788119941
   32      3.2257688532      5.8545497801
   33      3.2859738435      5.1913926355
   34      3.6742406231      5.0169493565
 nu =           3  k =            6    nst =          35
    0     -1.4153268022      4.9993343608
    1     -1.0707117260      4.9974476976
    2     -0.7762537286      4.9934889130
    3     -0.5208547776      5.0016063215
    4     -0.1202426203      4.9979546353
    5     -0.0091792175      4.9965283337
    6      0.1928016603      4.9873014668
    7      0.4524759977      4.9405043647
    8      0.5556306793      5.1243890112
    9      0.7357913431      4.9715138850
   10      0.8906158188      5.0020981617
   11      1.0341758499      5.1720688063
   12      1.2772670317      5.4943878846
   13      1.3238925707      5.5167607339
   14      1.3631962556      5.9605829618
   15      1.4098611139      5.0515195172
   16      1.4774867537      5.0266524891
   17      1.6414349408      5.4547086513
   18      1.6696936047      5.1140143030
   19      1.7436677935      5.3715224896
   20      1.8012159142      5.0541576145
   21      1.8633270195      5.1077766493
   22      1.9325765130      5.5749343886
   23      2.0267574024      5.2557786843
   24      2.1762909240      4.9592277191
   25      2.2204772571      6.6499407712
   26      2.2867213464      5.4427347109
   27      2.5205802013      6.0469238515
   28      2.5495125777      4.9888505468
   29      2.7237303797      5.8531931690
   30      2.9110602202      5.2552224514
   31      2.9421154102      5.0408315904
   32      3.1631912271      5.5310413933
   33      3.1902794794      5.3822461259
   34      3.5438483673      5.0014336962
 nu =           3  k =            7    nst =          35
    0     -1.4862737896      4.9991183094
    1     -1.1073352762      4.9985487050
    2     -0.8323488129      4.9966018594
    3     -0.5404467729      5.0033341190
    4     -0.2498578097      4.9976483576
    5     -0.0647249123      4.9957061078
    6      0.3379959004      4.9962735334
    7      0.4947949062      5.0001621214
    8      0.5746178892      4.9049679289
    9      0.6961156969      5.0829957199
   10      0.8600456927      5.0512523041
   11      1.0307836714      5.0066739089
   12      1.1210793485      4.9969130991
   13      1.3077049216      4.8813089986
   14      1.4232073916      5.2502271283
   15      1.5402867199      5.6012111451
   16      1.7372054859      5.7346286353
   17      1.7865064855      5.7011310201
   18      1.8157546676      5.2299309364
   19      1.8743925329      4.8351450944
   20      1.9166050290      5.8937580386
   21      1.9285633873      5.0609200220
   22      1.9948911508      5.0299138487
   23      2.0114664901      5.4408092374
   24      2.0544174376      6.2225478398
   25      2.1568930936      5.9499887052
   26      2.1831826266      5.6207631180
   27      2.4014160612      5.6537875598
   28      2.5293528558      5.0520649546
   29      2.6087645087      5.0654291847
   30      2.7506507373      5.0734475501
   31      2.9554818242      4.9461752339
   32      2.9877668298      5.4566921792
   33      3.1449354896      5.5949562524
   34      3.4387919742      5.0064578007
 nu =           3  k =            8    nst =          35
    0     -1.7963777007      4.9997959153
    1     -1.0662621909      4.9935761996
    2     -0.8447291019      5.0046983376
    3     -0.7255654759      4.9991047114
    4     -0.6629852625      5.0023669885
    5      0.0373439708      4.9900540133
    6      0.3227329232      4.9815752665
    7      0.4617112602      4.9614207710
    8      0.5358230586      5.0363022583
    9      0.6616023300      5.0186259249
   10      0.7508155406      5.0016597022
   11      0.8023746387      4.9974944382
   12      1.1439255870      5.0383084448
   13      1.3961122981      4.9302128193
   14      1.4176517656      5.1532165842
   15      1.5136194096      5.1014319431
   16      1.6030458904      5.0779075230
   17      1.6748821952      5.2745428857
   18      1.8869092542      5.9045527579
   19      1.9584676802      5.9752282211
   20      2.0000000000      6.2238603218
   21      2.0000000000      6.0577426061
   22      2.0292631939      5.9613960002
   23      2.0354617077      6.1781756218
   24      2.1007611931      5.1275095172
   25      2.1166974273      6.3411688514
   26      2.1463814743      4.7447922333
   27      2.2430547762      4.9502426704
   28      2.4777385074      5.0174425994
   29      2.6435617601      5.0738976934
   30      2.7265479738      5.0043010731
   31      2.9224037487      5.3807166936
   32      2.9720067660      4.9884723149
   33      3.1174009988      5.6597370541
   34      3.3976224020      5.0037179085
